---------------DOORS---------------

uj_garage_door
-20.23095, 12.43996, -3.636665


vw_prop_vw_casino_door_01b
-0.3851652, 32.97813, -0.09031677

vw_prop_vw_casino_door_01b
0.9588714, -10.37018, 9.968979
21.5669, 2.649902, 0.709687


vw_prop_vw_casino_door_02a
-9.952721, -6.065254, 10.2605
-9.947305, -3.554973, 10.2605
-9.955151, -3.255509, 10.2605
-9.950874, -0.7453633, 10.2605
-9.947842, -0.4350858, 10.2605
-9.942071, 2.076353, 10.2605

vw_prop_vw_casino_door_01c
21.66686, -4.498673, 0.709687
21.70002, 37.19401, 4.308998

vw_prop_vw_casino_door_01a
22.35108, 45.51581, -0.890934
22.35108, 43.51608, -0.890934

vw_prop_vw_door_sd_01a
-10.36059, 3.281267, -2.511208

ch_chint07_casino_staff_door_03
20.79404, -8.402561, 1.157959

ch_chint07_casino_staff_door_04
20.79403, 3.582043, 1.149429
20.79402, 5.481368, 1.149429

ch_prop_ch_utility_door_01a
7.510564, 4.443129, 1.149985
4.517452, -6.127949, 1.149985

vw_prop_vw_casino_door_01a
47.55711, 20.28353, -0.8810424
45.55738, 20.28353, -0.8810424

ch_prop_ch_gendoor_01
-38.65516, -0.292799, 7.149879
-38.65519, -0.2928753, -4.850124

v_ilev_rc_door2
-3.2691, -20.9348, 1.099759

ch_prop_ch_vaultdoor01x
16.62238, 27.05344, 1.466785